# https://arxiv.org/pdf/2605.11079.pdf
# Fig. 1 top left panel
# k [Mpc^-1]  (Omega_i/Omega_m)^2*P_iso
0.0011058982032800312 1
0.0011058982032800312 4.770639796812682e-11
0.0012789787623163614 4.5856737623853525e-11
0.001462405132731906 4.3365698241062906e-11
0.0016880919328052246 4.2272579549950574e-11
0.0019120544205166992 4.2660014851941004e-11
0.002174332559701281 4.0831553631184465e-11
0.0025071201611226277 3.9082326778915025e-11
0.0028585081690911678 4.004886261594398e-11
0.0032685706591780604 4.006775087690278e-11
0.003702226662136718 4.059257750418016e-11
0.004273689004703306 4.1436764643309504e-11
0.004886809417710304 4.213329784399065e-11
0.005587910120093139 4.310355131876324e-11
0.0063896463505686285 4.4700411552686926e-11
0.007298924292309293 4.556080692239987e-11
0.008354707731125262 4.800079172696154e-11
0.009553551158557997 5.1022233124284745e-11
0.010924406939014144 5.4117637134262925e-11
0.012492218229695944 5.94249189870215e-11
0.01428501982823078 6.51462281596805e-11
0.016335214456141417 7.219672254342454e-11
0.018680499116236142 8.65553621441806e-11
0.021361943575420483 9.916145023791357e-11
0.02442871749440351 1.1712016814516161e-10
0.0279369081988498 1.4852982331468526e-10
0.031949748056798656 1.9717667101386007e-10
0.03653866021214363 2.5768494167371644e-10
0.04153356967949071 3.4736829688756486e-10
0.04721376445482307 5.128698787208753e-10
0.05295501929820115 7.303225157668087e-10
0.06114416781483986 1.1809554724372611e-9
0.06783930350286857 1.6337865023206167e-9
0.07788427068176684 2.400538421746308e-9
0.08837099201335993 3.330884600173707e-9
0.10827815994198409 5.168793572243175e-9
0.12844450146304773 7.0801435656681936e-9
0.15051752400336452 9.298065842039098e-9
0.17213206446607013 1.1652677698768798e-8
0.1968489509193943 1.4407029331756014e-8
0.22511148982263723 1.733621656250815e-8
0.25742554592063877 1.9996105577584576e-8
0.29437130172696546 2.2145387532500327e-8
0.33661459930436577 2.3910456995534453e-8
0.3849143309812682 2.516860805352526e-8
0.44014357613785227 2.6403373278836008e-8
0.5032978529337521 2.774566798433055e-8
0.5755144213787858 2.9205625087436806e-8
0.6580969565933696 3.1056401683242526e-8
0.752533208225976 3.3305313172688594e-8
0.8605301887130353 3.6388736305900275e-8
0.9840384132815058 4.064270401366548e-8
1.1252918826005225 4.671997365351334e-8
1.2868390856217389 5.499463245298872e-8
1.4715952518983237 6.606396502136543e-8
1.6829037646228877 8.154132985273718e-8
1.9245693749531196 1.0201765955191813e-7
2.200957555089841 1.295963841565408e-7
2.5170502133604153 1.6603061258821873e-7
2.8785388259425595 2.1270781971140318e-7
3.2919558051755797 2.7436009682934685e-7
3.7647479080573842 3.5388197215475175e-7
4.305451004127014 4.5800164005444777e-7
4.923796924792573 5.897513900274551e-7
5.630927319602489 7.542732527689478e-7
6.439593324815527 9.598023027687705e-7
7.364378731487313 0.0000012172051039969656
8.421996525569268 0.0000015515022018473382
9.631492208907437 0.000001974265136165519
11.014663938859151 0.0000025037297716953547
12.596471974903526 0.000003175187898951034
14.40542830138719 0.000004019905617937639
16.474245787890183 0.000005132630961907953
18.839668433425 0.000006254713380781017
18.839668433425 1
